179
397
61
250
73
31
46
132
62
361
312
42
283
75
345
95
373
139
335
253
105
194
233
348
187
85
370
115
168
400
100
297
37
119
325
205
277
299
71
289
344
17
216
255
178
134
318
24
243
218
50
322
350
131
275
226
77
93
290
357
343
76
113
217
354
125
291
130
247
334
274
213
69
181
364
282
127
3
296
329
302
18
398
21
47
287
342
198
158
331
92
68
44
256
87
369
353
301
140
149
248
38
234
252
355
309
349
229
260
173
201
7
387
359
122
363
232
183
136
150
114
188
316
52
351
338
88
310
166
227
294
371
390
162
128
110
26
104
45
381
200
273
279
164
292
378
377
231
177
74
317
368
6
394
392
124
165
303
51
214
199
272
108
41
207
16
91
320
78
117
19
244
186
54
28
146
141
395
190
133
99
83
328
245
57
159
379
239
306
94
167
118
191
263
305
12
220
66
254
321
39
64
268
293
8
34
362
389
89
156
147
49
271
372
10
278
96
249
308
396
90
330
170
35
53
27
221
204
106
203
304
358
223
267
58
40
135
383
9
340
337
109
80
13
138
313
192
185
347
257
237
189
376
101
336
219
152
225
242
171
300
326
323
270
224
36
84
5
295
4
116
126
144
332
230
97
22
264
86
63
366
315
11
360
259
380
142
319
98
206
327
48
154
163
195
314
32
228
15
222
341
184
391
148
60
307
208
120
269
1
258
23
174
193
43
153
393
112
352
67
59
29
365
285
123
251
386
169
161
143
212
286
215
346
375
172
241
356
30
288
175
324
262
333
384
111
129
33
151
211
20
385
202
236
137
246
261
240
70
102
